NOAA 2 (ITOS-D)
1 06235U 72082A   26238.55534851 -.00000012  00000-0  21980-3 0  9999
2 06235 102.0080 257.8964 0004371  41.4497 127.1771 12.53217245463768
SOLRAD-7B
1  1291U 65016D   26239.02705139  .00000014  00000-0  49010-4 0  9993
2  1291  70.0776  85.6588 0020083  21.3728 338.8211 13.94982828126580
OSCAR-7 (AO-7)
1  7530U 74089B   26238.93547522 -.00000023  00000-0  14709-3 0  9991
2  7530 101.9921 252.9218 0012226 358.1303 117.0601 12.53699297369383
UOSAT-2 (UO-11)
1 14781U 84021B   26238.82786767  .00001397  00000-0  14719-3 0  9993
2 14781  97.8133 203.6479 0006510 320.7132  39.3613 14.90949274267655
FLTSATCOM-7 (USA-20)
1 17181U 86096A   26239.21907221 -.00000110  00000-0  00000+0 0  9995
2 17181  12.6451 339.6360 0040674 330.1349  30.9909  0.98927336152671
FLTSATCOM-8 (USA-46)
1 20253U 89077A   26238.79489341 -.00000363  00000-0  00000-0 0  9992
2 20253  12.4027 350.7286 0001509 155.8491 240.0249  1.00261458261275
OSCAR 16 (PACSAT)
1 20439U 90005D   26239.06623955  .00000088  00000-0  48146-4 0  9993
2 20439  98.8483 276.3931 0011027  29.3024  26.3368 14.33954894912091
LUSAT (LO-19)
1 20442U 90005G   26238.50832524  .00000094  00000-0  50100-4 0  9999
2 20442  98.8840 262.2460 0011564   5.5985 354.5326 14.34140075912472
UFO 2 (USA 95)
1 22787U 93056A   26238.97656440  .00000129  00000-0  00000+0 0  9992
2 22787  11.9204   3.1511 0001053 250.3784 101.8965  1.00270384119257
EYESAT-1 (AO-27)
1 22825U 93061C   26239.18191558  .00000082  00000-0  48223-4 0  9991
2 22825  98.6824 306.5492 0007311 249.1133 110.9267 14.30957730717158
ITAMSAT (IO-26)
1 22826U 93061D   26239.14012899  .00000081  00000-0  47358-4 0  9995
2 22826  98.6773 306.4324 0007992 230.4854 129.5623 14.31386236717467
UFO 3 (USA 104)
1 23132U 94035A   26238.26497543 -.00000102  00000-0  00000+0 0  9996
2 23132  12.3992   5.2706 0003318 235.3535 178.9521  1.00270948132404
RADIO ROSTO (RS-15)
1 23439U 94085A   26239.15591941 -.00000063  00000-0 -57029-3 0  9991
2 23439  64.8155 188.4368 0158543 351.0065   8.8027 11.27584071303902
UFO 4 (USA 108)
1 23467U 95003A   26239.14758081 -.00000018  00000-0  00000+0 0  9994
2 23467   9.6833  12.8477 0002663 142.6140  45.3254  1.00274755115660
UFO 7 (USA 127)
1 23967U 96042A   26238.31661713 -.00000290  00000-0  00000-0 0  9999
2 23967  11.1845  16.6826 0006389 128.8828 240.1567  1.00187053110193
JAS-2 (FO-29)
1 24278U 96046B   26239.13838920  .00000009  00000-0  47587-4 0  9998
2 24278  98.5185  78.2847 0348795 272.3286  83.7967 13.53277295482764
UFO 8 (USA 138)
1 25258U 98016A   26239.18670743 -.00000203  00000-0  00000+0 0  9999
2 25258  11.2166  22.3020 0004881 226.7477 304.9418  1.00258658104577
TECHSAT-1B (GO-32)
1 25397U 98043D   26238.44756790  .00000047  00000-0  40678-4 0  9993
2 25397  99.0129 232.9975 0001913  47.6679 312.4661 14.24439963461333
ISS (ZARYA)
1 25544U 98067A   26239.14379412  .00008717  00000-0  16243-3 0  9995
2 25544  51.6326 308.8886 0007697  87.8985 272.2885 15.49649978582753
UFO 10 (USA 146)
1 25967U 99063A   26238.75250211 -.00000185  00000-0  00000-0 0  9995
2 25967   9.8917  26.8237 0003297 179.1806  17.1081  1.00271730 98057
PCSAT (NO-44)
1 26931U 01043C   26238.91212829  .00000092  00000-0  65414-4 0  9999
2 26931  67.0498  61.3408 0005643 270.5498  89.4957 14.31978282300574
PROBA-1
1 26958U 01049B   26239.21907663  .00001355  00000-0  90568-4 0  9996
2 26958  97.9625 250.2532 0053000 241.8271 117.7596 15.07756401354321
SAUDISAT-1C (SO-50)
1 27607U 02058C   26239.15832257  .00000903  00000-0  12380-3 0  9991
2 27607  64.5509 269.3797 0072976 249.4518 109.8747 14.83180205274988
CUTE-1 (CO-55)
1 27844U 03031E   26238.98664073  .00000233  00000-0  11957-3 0  9990
2 27844  98.6766 246.6641 0009256 347.4720  12.6227 14.24372616201758
CUBESAT XI-IV (CO-57)
1 27848U 03031J   26237.95654106  .00000199  00000-0  10644-3 0  9999
2 27848  98.6795 245.3030 0009642   9.4215 350.7143 14.23652119201307
MOZHAYETS-4 (RS-22)
1 27939U 03042A   26239.23970216  .00000856  00000-0  13976-3 0  9999
2 27939  98.3483  65.6215 0012273  47.6246   7.4234 14.73575926226016
UFO 11 (USA 174)
1 28117U 03057A   26238.98575110 -.00000101  00000-0  00000+0 0  9993
2 28117   8.9946  33.4378 0003465 139.1338 232.9960  1.00271615 83163
CUBESAT XI-V (CO-58)
1 28895U 05043F   26238.38328301  .00001150  00000-0  18810-3 0  9991
2 28895  98.3072  35.5222 0013630 348.2850  11.8038 14.72789442112086
CAPE-1
1 31130U 07012P   26238.45221715  .00000802  00000-0  15230-3 0  9990
2 31130  98.4537 214.8644 0082386 211.1070 148.5241 14.65029996 28640
CUTE-1.7+APD II (CO-65)
1 32785U 08021C   26239.16571685  .00005513  00000-0  34286-3 0  9997
2 32785  97.8344 222.1183 0009766 138.6174 221.5796 15.10024977995909
SEEDS-II (CO-66)
1 32791U 08021J   26238.98160231  .00017066  00000-0  50492-3 0  9997
2 32791  97.7550 240.3966 0004648  77.3931 282.7830 15.34970799998144
YUBILEINY (RS-30)
1 32953U 08025A   26239.16063752  .00000067  00000-0  41301-3 0  9994
2 32953  82.5066 311.3005 0020254 154.1188 206.0909 12.43182397828515
KKS-1 (KISEKI)
1 33499U 09002H   26239.15980110  .00001307  00000-0  16652-3 0  9990
2 33499  98.1157 162.7227 0009231  64.3397 295.8769 14.83277358946716
SWISSCUBE
1 35932U 09051B   26238.70410169  .00000951  00000-0  19687-3 0  9995
2 35932  98.3959 147.7999 0006983   4.9488 355.1781 14.62596639899469
BEESAT
1 35933U 09051C   26238.54535285  .00000788  00000-0  16763-3 0  9995
2 35933  98.3885 147.1251 0005807  22.0127 338.1322 14.61816615899468
ITUPSAT-1
1 35935U 09051E   26238.46101970  .00000675  00000-0  14913-3 0  9998
2 35935  98.3967 146.1553 0008199  29.3536 330.8123 14.60529065898990
PROBA-2
1 36037U 09059B   26239.07870983  .00000143  00000-0  43757-4 0  9994
2 36037  98.2478  61.4632 0014424  64.3535 295.9150 14.54888167891834
XIWANG-1 (HOPE-1)
1 36122U 09072B   26239.15101400  .00000331  00000-0  98270-3 0  9992
2 36122 100.4077 191.8653 0008210  72.7044 287.4966 13.16442193802346
EWS-G2 (GOES-15)
1 36411U 10008A   26239.03030720  .00000019  00000-0  00000+0 0  9990
2 36411   1.4667  81.9945 0005613  69.7531 257.8275  1.00274610 60343
TISAT-1
1 36799U 10035E   26239.13460563  .00023036  00000-0  69614-3 0  9996
2 36799  98.0741 192.1380 0002991  46.4617 313.6871 15.34246453878579
HORYU-2
1 38340U 12025D   26239.09504231  .00002666  00000-0  27280-3 0  9996
2 38340  98.2266  14.9871 0007000 316.5812  43.4853 14.91431344759299
AAUSAT-3
1 39087U 13009B   26238.77819505  .00000557  00000-0  19042-3 0  9999
2 39087  98.3728  60.9813 0011480   6.5156 353.6179 14.40013199707336
STRAND-1
1 39090U 13009E   26238.99966178  .00000220  00000-0  88287-4 0  9991
2 39090  98.3961  57.5100 0009144  26.9604 333.2056 14.37198604707236
CUBEBUG-1 (CAPITAN BETO)
1 39153U 13018D   26238.39544170  .00003154  00000-0  27478-3 0  9992
2 39153  98.1734  41.5145 0009978 274.5312  85.4768 14.97652439721572
PROBA-V
1 39159U 13021A   26238.47380514  .00000047  00000-0  38653-4 0  9997
2 39159  98.3666 213.6359 0003021 296.0948  63.9921 14.23609915691118
ZACUBE-1 (TSHEPISOSAT)
1 39417U 13066B   26238.65300790  .00005888  00000-0  45007-3 0  9999
2 39417  97.8046 201.3288 0041744  17.3629 342.9012 15.01633214691308
TRITON-1
1 39427U 13066M   26239.19758227  .00002578  00000-0  30996-3 0  9996
2 39427  97.8176 147.3699 0089863   3.8348 356.3534 14.81968528684609
DELFI-N3XT
1 39428U 13066N   26239.03611458  .00007223  00000-0  61758-3 0  9996
2 39428  97.8293 159.3026 0072763 332.0627  27.6695 14.95882521685212
GOMX-1
1 39430U 13066Q   26239.20258010  .00001614  00000-0  24733-3 0  9999
2 39430  97.6450  75.1892 0127289 208.7453 150.6700 14.69637753680343
VELOX-PII
1 39438U 13066Y   26238.79570714  .00002764  00000-0  26148-3 0  9997
2 39438  97.8790 190.2762 0053922 108.2470 252.4628 14.93412690688379
CUBEBUG-2 (LO-74)
1 39440U 13066AA  26238.85680764  .00002972  00000-0  27428-3 0  9997
2 39440  97.8946 188.1742 0057696 151.6176 208.8207 14.94167927687543
FUNCUBE-1 (AO-73)
1 39444U 13066AE  26238.43560013  .00006286  00000-0  38187-3 0  9995
2 39444  97.8339 211.4177 0034490 327.4031  32.5068 15.10362468690261
UWE-3
1 39446U 13066AG  26239.12357244  .00003407  00000-0  29071-3 0  9998
2 39446  97.8761 195.7184 0050129  82.8665 277.8252 14.97431302688192
UNISAT-6
1 40012U 14033C   26238.65528868  .00003169  00000-0  34058-3 0  9999
2 40012  97.7966  30.1791 0044414 194.3151 165.6811 14.88537162656645
DUCHIFAT-1
1 40021U 14033M   26239.16232089  .00366285  00000-0  13136-2 0  9997
2 40021  98.0312 309.3656 0005673 214.3668 145.7236 15.87864662666914
SMAP
1 40376U 15003A   26239.19107058  .00000391  00000-0  84809-4 0  9998
2 40376  98.1309 245.2890 0001407  91.8996 268.2367 14.63359373618009
LILACSAT-2
1 40908U 15049K   26239.16820028  .00018287  00000-0  28715-3 0  9991
2 40908  97.4590 278.7980 0006204  11.6082 348.5313 15.53695760606767
LAPAN-A2 (IO-86)
1 40931U          26199.45381863  .00000000  00000-0  77536-4 0    07
2 40931   6.0006 322.6653 0012733 338.8432 273.6875 14.79294310    03
LQSAT
1 40958U 15057A   26239.21200696  .00000763  00000-0  11517-3 0  9996
2 40958  97.6741 229.0940 0018246  45.2089 315.0602 14.76855978585798
PRATHAM
1 41783U 16059A   26237.94054973  .00000617  00000-0  11696-3 0  9995
2 41783  97.8382 231.7541 0031203 359.3789   0.7372 14.67275405529745
ALSAT-1N
1 41789U 16059G   26239.20989410  .00000712  00000-0  12781-3 0  9997
2 41789  97.8049 239.4150 0025139 324.1100  35.8417 14.69409739530438
CAS-2T & KS-1Q
1 41847U 16066G   26239.15685591  .00000528  00000-0  84272-4 0  9997
2 41847  98.3777 314.0801 0340051 274.2250  82.0157 14.44816768515046
GOES-16
1 41866U 16071A   26239.19922492 -.00000092  00000-0  00000+0 0  9991
2 41866   0.5078  84.9276 0001416 112.4391 105.0852  1.00272918 35814
FENGYUN-4A
1 41882U 16077A   26239.08794841 -.00000359  00000-0  00000+0 0  9994
2 41882   2.4952  79.3896 0007658 164.6456 246.4582  1.00264256 35642
FOX-1B (AO-91)
1 43017U 17073E   26239.16441552  .00009040  00000-0  38329-3 0  9994
2 43017  97.4601 104.9309 0149752  83.4195 278.4058 15.13640435476124
CANX-2
1 32790U 08021H   26239.18973169  .00003019  00000-0  21119-3 0  9998
2 32790  97.8702 220.3974 0010760 155.1656 205.0090 15.06044044995496
AIST-2 (RS-43)
1 39133U 13015D   26239.20212558  .00005879  00000-0  22831-3 0  9994
2 39133  64.8695  24.9989 0015133 252.1885 107.7595 15.26954249734740
NANOSATC-BR1
1 40024U 14033Q   26239.04835162  .00016070  00000-0  49799-3 0  9997
2 40024  98.0677 277.8183 0001728 313.4221  46.6875 15.33533387664833
FUNCUBE-3 (EO-79)/QB50P1
1 40025U 14033R   26239.04175241  .00007322  00000-0  35093-3 0  9995
2 40025  98.0974 255.2132 0008171 355.2348   4.8805 15.19228991663789
QB50P2
1 40032U 14033Y   26238.94201757  .00006464  00000-0  34039-3 0  9998
2 40032  98.0795 240.2892 0005736 302.4524  57.6152 15.15987594663383
PERSEUS-M2
1 40037U 14033AD  26239.18194999  .00000556  00000-0  55376-4 0  9993
2 40037  98.0018 191.1966 0013332  65.6206 294.6404 14.95688611661395
PERSEUS-M1
1 40039U 14033AF  26238.41306830  .00001736  00000-0  16066-3 0  9992
2 40039  97.9683 183.7200 0013134  66.9801 293.2803 14.95826841661135
POLYITAN-1
1 40042U 14033AJ  26239.06803049  .00017377  00000-0  50495-3 0  9994
2 40042  98.0913 272.1560 0004841 252.1646 107.9067 15.35541646664464
TIGRISAT
1 40043U 14033AK  26238.38190377  .00002072  00000-0  24210-3 0  9994
2 40043  97.7926  26.8344 0048529 202.7431 157.1635 14.85367611656048
UKUBE-1
1 40074U 14037F   26239.01554321  .00006611  00000-0  36314-3 0  9997
2 40074  98.4260 249.7953 0000538  44.9199 315.2074 15.14513625659271
DEORBITSAIL
1 40719U 15032E   26239.06481377  .00006334  00000-0  45306-3 0  9997
2 40719  97.5826  94.5708 0012710   3.5090 356.6223 15.04730357601909
D-SAT
1 42794U 17036AF  26238.45498095  .00005595  00000-0  25788-3 0  9995
2 42794  97.5624 217.2500 0078167 278.1576  81.0797 15.17959490501517
CORVUS-BC2
1 42846U 17042X   26239.00002596  .00003578  00000-0  24483-3 0  9999
2 42846  97.4141  37.6501 0011964 225.2792 134.7463 15.06663935497725
CORVUS-BC1
1 42847U 17042Y   26238.92056618  .00003341  00000-0  22793-3 0  9994
2 42847  97.4179  38.4328 0011252 198.9948 161.0862 15.06825701497741
APRIZESAT-5
1 37792U 11044E   26239.07685948  .00000815  00000-0  10968-3 0  9998
2 37792  98.2457 174.1340 0053030 133.3188 227.2463 14.81182175809284
APRIZESAT-6
1 37793U 11044F   26238.34345630  .00000530  00000-0  82027-4 0  9999
2 37793  98.2294 150.2573 0042044 220.1052 257.0276 14.77003806807509
APRIZESAT-7
1 39416U 13066A   26239.12660735  .00001130  00000-0  11676-3 0  9990
2 39416  97.7765 191.3529 0035180 338.6985  21.2767 14.91710918691805
APRIZESAT-8
1 39425U 13066K   26239.09972235  .00001102  00000-0  12453-3 0  9990
2 39425  97.8265 185.5975 0047104  53.6940 306.8613 14.87761714690216
BUGSAT-1 (TITA)
1 40014U 14033E   26239.19204366  .00004516  00000-0  23565-3 0  9993
2 40014  98.0432 335.9260 0026145 299.6526  60.2102 15.16225526666590
SAUDISAT-4
1 40016U 14033G   26238.38419873  .00000683  00000-0  96572-4 0  9996
2 40016  97.7682  22.1351 0044148 203.2474 156.6742 14.79617247656454
TABLETSAT-AURORA
1 40017U 14033H   26239.15208273  .00006028  00000-0  29621-3 0  9992
2 40017  98.0210 317.5225 0010513 338.5392  21.5398 15.18420375665979
APRIZESAT-9
1 40018U 14033J   26239.13365175  .00000411  00000-0  67951-4 0  9995
2 40018  97.9155  10.6370 0065354 333.3591  26.4264 14.74291067654019
APRIZESAT-10
1 40019U 14033K   26239.14578666  .00000408  00000-0  71590-4 0  9998
2 40019  97.9734   4.5553 0079712  47.9364 312.8588 14.70953898652682
AISAT
1 40054U 14034B   26239.02774147  .00010342  00000-0  63887-3 0  9994
2 40054  98.2336 156.6454 0008875 358.1318   1.9874 15.10059994657891
COSMOS-2407 [+]
1 28380U 04028A   26238.51107175  .00000032  00000-0  16583-4 0  9995
2 28380  82.9617  22.7355 0040349  56.9020   9.4047 13.76338896109550
COSMOS-2414 [+]
1 28521U 05002A   26239.04181775  .00000048  00000-0  26583-4 0  9990
2 28521  82.9539 350.0470 0041321 126.2896 234.2095 13.87932558 93648
COSMOS-2463 [+]
1 36519U 10017A   26239.02197300  .00000029  00000-0  15648-4 0  9996
2 36519  82.9615 197.6600 0034806 294.7163 137.8408 13.71669224817647
NOAA-15
1 25338U 98030A   26239.13652251  .00000107  00000-0  61438-4 0  9992
2 25338  98.5065 257.8503 0011103 134.8800 225.3284 14.27164612471413
NOAA-18
1 28654U 05018A   26239.17924152  .00000049  00000-0  49335-4 0  9993
2 28654  98.8078 317.8138 0013366 312.0863  47.9173 14.13740414 96342
NOAA-19
1 33591U 09005A   26239.04925823  .00000024  00000-0  36723-4 0  9991
2 33591  98.9470 309.9570 0013699 185.5770 174.5252 14.13483434904491
SARAL
1 39086U 13009A   26239.12688292  .00000058  00000-0  37419-4 0  9990
2 39086  98.5566  64.8043 0003031  83.2525 276.9004 14.32903867705760
LAPAN-A3
1 41603U 16040E   26239.19485081  .00003466  00000-0  10918-3 0  9994
2 41603  97.1543 233.0477 0011881 116.1204 244.1263 15.33500199565694
METOP-A
1 29499U 06044A   26239.17988492  .00002410  00000-0  28059-3 0  9991
2 29499  98.3375 348.1354 0172988 202.5989 279.4599 14.76142521 35925
METEOR M1
1 35865U 09049A   26238.87327716  .00000050  00000-0  41576-4 0  9993
2 35865  98.7459 200.8616 0003331  98.4433 261.7123 14.23169915879305
METOP-B
1 38771U 12049A   26239.14335528  .00000097  00000-0  64017-4 0  9993
2 38771  98.6447 289.2065 0003228 126.3205 233.8270 14.21455550723348
METEOR M2
1 40069U 14037A   26239.23909248  .00000160  00000-0  92530-4 0  9993
2 40069  98.5190 212.4870 0005497 178.1266 181.9933 14.21479811629417
CSSWE
1 38761U 12048D   26239.17340782  .00030780  00000-0  57360-3 0  9996
2 38761  64.6607 212.3507 0032513 147.8020 212.5114 15.48116852127379
MCUBED-2
1 39469U 13072H   26236.52115592  .00017409  00000-0  61021-3 0  9997
2 39469 120.4912 256.2490 0146889  90.3116 271.4790 15.20052622128215
IPEX
1 39471U 13072K   26238.95558609  .00010580  00000-0  48498-3 0  9995
2 39471 120.4641 207.4692 0171256  75.5243 286.4760 15.09121911125913
FOX-1A (AO-85)
1 40967U 15058D   26238.90679676  .00002130  00000-0  19362-3 0  9996
2 40967  64.7741  59.1427 0136162  29.9489 330.9323 14.91330160124115
OOREOS
1 37224U 10062C   26239.17780316  .00001634  00000-0  15887-3 0  9998
2 37224  71.9687 279.5002 0016501 287.9359  72.0012 14.93983295127240
STARS (KUKAI)
1 33498U 09002G   26238.45063877  .00003210  00000-0  29039-3 0  9991
2 33498  98.1585 188.6646 0007289 304.6967  55.3566 14.96173883948983
YUBELEINY-2 (RS-40)
1 38735U 12041C   26239.20647957  .00000017  00000-0  55828-4 0  9996
2 38735  82.4770  30.3866 0016567 272.7258  87.1925 12.42651880638668
AIST-1
1 39492U 13078C   26239.18640264  .00001790  00000-0  15600-3 0  9991
2 39492  82.4149 202.0835 0018107  43.4902 316.7744 14.96228716685867
VELOX-1
1 40057U 14034E   26239.18859299  .00004127  00000-0  35070-3 0  9993
2 40057  98.2476 148.2227 0009047  42.2787 317.9130 14.98447554657238
DX1
1 40071U 14037C   26239.20596698  .00002253  00000-0  23902-3 0  9995
2 40071  98.3934 205.2526 0008390  48.9065 311.2874 14.90171898656689
COSMOS-2491 (RS-46) [i]
1 39497U 13076E   26239.14171892  .00000036  00000-0  18511-3 0  9992
2 39497  82.4858 123.9836 0012407 299.4671  60.5171 12.43498259574073
COSMOS-2499 (RS-47) [i]
1 39765U 14028E   26239.16964749 -.00000001  00000-0 -45668-4 0  9999
2 39765  82.4497 204.5275 0231088 194.6896 164.7416 12.82904345574122
TRANSIT 5B-5
1 00965U 64083D   26238.87063126  .00000047  00000-0  52855-4 0  9995
2 00965  90.0814 203.6124 0043693  71.9354 306.2966 13.57017991 53201
EUTELSAT 1-F4 (ECS 4)
1 18351U 87078B   26238.30721975 -.00000034  00000-0  00000-0 0  9991
2 18351  13.7798 341.6287 0008580  43.8576 331.1843  0.98687499127452
BISONSAT
1 40968U 15058E   26238.06192389  .00002627  00000-0  21140-3 0  9993
2 40968  64.7745  39.9991 0124757  26.4911 334.2508 14.96411458127111
DTUSAT-2
1 40030U 14033W   26238.75701961  .00007226  00000-0  38174-3 0  9998
2 40030  98.0901 241.0246 0007757   7.8756 352.2595 15.15819684663378
ELEKTRO-L2
1 41105U 15074A   26238.75414878 -.00000118  00000-0  00000-0 0  9994
2 41105   6.8652  69.6314 0001062 190.3065 332.0591  1.00271437 39215
DOVE-3
1 39429U 13066P   26239.11918764  .00002559  00000-0  33692-3 0  9999
2 39429  97.6546  95.3309 0113632 153.6391 207.0663 14.76532820681477
FORTE
1 24920U 97047A   26239.05417844  .00000112  00000-0  68187-4 0  9997
2 24920  69.9517 213.9460 0022163 189.2938 170.7777 14.27968605508800
DMSP 5D-2 F15/USA-147
1 25991U 99067A   26239.16472869  .00000107  00000-0  74942-4 0  9990
2 25991  98.9918 278.5904 0010438 155.5023 294.6268 14.17583525380700
CASSIOPE-1
1 39265U 13055A   26239.16576444  .00060056  23105-7  61969-3 0  9997
2 39265  80.9165 340.1946 0274932 182.0671 177.9458 15.29850787678504
D-STAR ONE PHOENIX
1 43188U 18014J   26238.71076873  .00004501  00000-0  22939-3 0  9996
2 43188  97.5295 143.2700 0010039 123.0589 237.1610 15.17244128469454
S-NET D
1 43186U 18014G   26238.71227433  .00004452  00000-0  22699-3 0  9992
2 43186  97.5279 143.0604 0009463 126.0327 234.1785 15.17235833469450
TEN-KOH
1 43677U 18084G   26239.08923611  .00002575  00000-0  19527-3 0  9996
2 43677  98.0752  74.4480 0008593 237.7239 122.3153 15.03189212426815
STARS-AO
1 43679U 18084J   26238.17138670  .00004864  00000-0  24488-3 0  9995
2 43679  98.0420  96.4665 0000830 325.1920  34.9257 15.17723074428082
LUOJIA-1 01
1 43485U 18048B   26239.21420814  .00000721  00000-0  85554-4 0  9990
2 43485  97.8070 316.2557 0007543 244.2501 115.7937 14.87498137444774
DIWATA-2B (PO-101)
1 43678U 18084H   26239.18619468  .00001220  00000-0  10155-3 0  9994
2 43678  98.1199  78.5190 0010517 294.9309  65.0821 15.00679442426863
ESHAIL-2
1 43700U 18090A   26239.04730707  .00000143  00000-0  00000+0 0  9999
2 43700   0.0053 144.1243 0002507  40.9795 192.9958  1.00272331 28384
K2SAT
1 43761U 18099D   26239.08529176  .00001501  00000-0  10455-3 0  9993
2 43761  97.4131 277.2998 0013096 100.9254 259.3448 15.06821812422784
AISTECHSAT-2
1 43768U 18099L   26239.05500854  .00004625  00000-0  24362-3 0  9991
2 43768  97.4242 285.5459 0006028  64.7831 295.4027 15.16074917423011
SNUSAT-2
1 43782U 18099AA  26239.05942332  .00007069  00000-0  30481-3 0  9992
2 43782  97.4013 291.3795 0011116  53.9477 306.2788 15.22803614423815
ITASAT-1
1 43786U 18099AE  26239.14516775  .00006918  00000-0  32503-3 0  9993
2 43786  97.3973 289.2555 0014045 103.8891 256.3907 15.19833774423681
EAGLET-1
1 43790U 18099AJ  26239.07438645  .00003856  00000-0  21919-3 0  9996
2 43790  97.4177 286.8640 0012718  99.9160 260.3507 15.13400478423057
ESEO
1 43792U 18099AL  26239.08662686  .00001059  00000-0  79831-4 0  9993
2 43792  97.3936 273.4302 0014027  91.4663 268.8170 15.04430785422465
MINXSS-2
1 43758U 18099A   26239.13612098  .00043064  00000-0  71844-3 0  9990
2 43758  97.4479 317.7344 0005876  12.3712 347.7684 15.51833826425114
FOX-1CLIFF (AO-95)
1 43770U 18099N   26239.15873411  .00011159  00000-0  40952-3 0  9990
2 43770  97.4324 299.1874 0010127  97.4724 262.7666 15.28075391424057
CORVUS-BC4
1 43767U 18099K   26239.09777311  .00003737  00000-0  21520-3 0  9994
2 43767  97.4015 280.0047 0009872 112.0093 248.2188 15.12981058423123
CZ-4B R/B
1 43656U 18081B   26239.04179821  .00000193  00000-0  73813-4 0  9995
2 43656  99.3638 162.5981 0205569  62.7490 299.4469 14.31884182409445
COSMOS 2504 [i]
1 40555U 15020D   26239.18542189  .00000311  00000-0  10541-3 0  9996
2 40555  82.5180 176.4285 0609173  81.2948 285.6671 13.61409581559851
MERIDIAN-6
1 38995U 12063A   26238.34412372 -.00000346  00000-0  00000-0 0  9997
2 38995  63.8156 345.0108 7368834 228.0439  40.6054  2.00733018100917
MERIDIAN-7
1 40296U 14069A   26238.47353965  .00000258  00000-0  00000-0 0  9999
2 40296  63.4498 208.4827 6623267 270.0898  20.0479  2.00603260 86649
METOP-C
1 43689U 18087A   26239.15938296  .00000085  00000-0  58483-4 0  9994
2 43689  98.6585 297.4434 0000903  46.3619 313.7634 14.21511763404913
FENGYUN-3B
1 37214U 10059A   26239.23780182 -.00000234  00000-0 -97628-4 0  9992
2 37214  98.9577 285.5334 0021852 348.3920  90.8447 14.14853195817471
FENGYUN-3C
1 39260U 13052A   26239.21175868  .00000060  00000-0  51447-4 0  9992
2 39260  98.5068 209.8514 0014635 174.3678 185.7664 14.15768414668617
EWS-G1 (GOES-13)
1 29155U 06018A   26239.11941404 -.00000040  00000-0  00000+0 0  9997
2 29155   4.7102  75.5307 0059365 279.6028  52.7769  0.98787422 43940
FENGYUN-2H
1 43491U 18050A   26239.12912075 -.00000130  00000-0  00000+0 0  9998
2 43491   3.2069  78.1987 0002267 141.9252 240.9825  1.00274392 30151
FENGYUN-2G
1 40367U 14090A   26239.06178049 -.00000299  00000-0  00000+0 0  9991
2 40367   5.8116  71.9312 0004164 169.0301 215.9722  1.00263457 42711
INMARSAT 4-F1
1 28628U 05009A   26239.14870749  .00000034  00000-0  00000+0 0  9998
2 28628   5.2650  42.7975 0002805 118.3147  45.9265  1.00272094 78382
INMARSAT 4-F2
1 28899U 05044A   26239.14156757 -.00000260  00000-0  00000+0 0  9995
2 28899   5.1861  43.7117 0002564 109.8549  16.2882  1.00270860 76234
INMARSAT 4-F3
1 33278U 08039A   26239.20210608 -.00000139  00000-0  00000+0 0  9997
2 33278   4.3622  31.7269 0002700 151.3954 127.0726  1.00270707 47254
INMARSAT 4A-F4 (ALPHASAT)
1 39215U 13038A   26239.04704707  .00000135  00000-0  00000+0 0  9994
2 39215   3.0013   0.8052 0003449 173.3872 202.9103  1.00270944 44737
ASTROCAST
1 43798U 18099AS  26238.21996894  .00037270  00000-0  56904-3 0  9993
2 43798  97.4335 319.1336 0002433 340.3864  19.7295 15.54345300425295
JY1SAT (JO-97)
1 43803U 18099AX  26239.16396022  .00017423  00000-0  50232-3 0  9998
2 43803  97.4073 302.3281 0005791  34.1600 326.0016 15.35766429424517
SUOMI-100
1 43804U 18099AY  26239.13920315  .00011996  00000-0  41583-3 0  9992
2 43804  97.4131 299.3200 0010210  38.1544 322.0418 15.29924431424268
GEO-KOMPSAT-2A
1 43823U 18100A   26238.99280737  .00000000  00000-0  00000+0 0  9995
2 43823   0.0171 116.9618 0001940   7.1593 336.7794  1.00265384 28347
UWE-4
1 43880U 18111E   26238.53431972  .00034682  00000-0  60967-3 0  9994
2 43880  97.5821 170.3865 0009850  76.3725 283.8622 15.50368766421666
METEOR M2-2
1 44387U 19038A   26239.19288142 -.00000098  00000-0 -22428-4 0  9995
2 44387  98.9212 227.5484 0001691 129.2624 230.8704 14.24381362371407
MOMENTUS-X1
1 44408U 19038Y   26238.61616706  .00055564  00000-0  40515-3 0  9998
2 44408  97.6675 290.7634 0008074 110.1519 250.0613 15.73090037397607
MERIDIAN-8
1 44453U 19046A   26238.00911610  .00000089  00000-0  00000-0 0  9996
2 44453  63.1949  41.7001 7092022 275.0219  14.6039  2.00602744 51740
TAURUS-1
1 44530U 19059C   26239.18798226  .00004276  00000-0  67790-3 0  9996
2 44530  98.6479  48.4857 0009659  90.3266 269.9047 14.72737902369098
GAOFEN 12-01
1 44819U 19082A   26239.18097134  .00000361  00000-0  53751-4 0  9996
2 44819  97.8144 243.6993 0001997 116.7086 243.4331 14.80507351364593
CAS-6 (TO-108)
1 44881U 19093C   26239.19179861  .00000008  00000-0  69332-5 0  9997
2 44881  97.7489 309.6759 0012658 207.9052 152.1487 14.86609593361961
ELEKTRO-L3
1 44903U 19095A   26239.12851409 -.00000098  00000-0  00000+0 0  9993
2 44903   0.4329  82.5573 0001599  44.7805 330.2555  1.00271704 24429
DOSAAF-85 (RS-44)
1 44909U 19096E   26239.14849248  .00000038  00000-0  11188-3 0  9996
2 44909  82.5207 292.5593 0217018 338.7449  20.4737 12.79748935311423
MERIDIAN-9
1 45254U 20015A   26238.25553260  .00000054  00000-0  00000-0 0  9996
2 45254  65.5384 311.6176 6837359 276.7134  16.0509  2.00615196 47696
DEKART
1 46493U 20068H   26239.18423192  .00012471  00000-0  32671-3 0  9991
2 46493  97.8749 253.6238 0009741  43.3533 316.8475 15.38809531326685
NORBY
1 46494U 20068J   26239.23904308  .00025024  00000-0  42632-3 0  9997
2 46494  97.8610 261.6232 0005486  14.7708 345.3702 15.51363368327212
SALSAT (TUBSAT 22)
1 46495U 20068K   26237.26336136  .00007111  00000-0  24232-3 0  9990
2 46495  97.8877 244.5903 0011122  65.4484 294.7913 15.30667520325922
NETSAT-4
1 46504U 20068U   26238.98074196  .00017674  00000-0  36301-3 0  9991
2 46504  97.8609 253.0358 0006951  74.9197 285.2819 15.46055102326706
NETSAT-3
1 46505U 20068V   26238.45663344  .00017150  00000-0  36633-3 0  9990
2 46505  97.8665 250.6026 0006986  88.7822 271.4225 15.44908946326529
NETSAT-1
1 46506U 20068W   26238.97683027  .00011676  00000-0  33402-3 0  9996
2 46506  97.8771 244.6237 0006470 111.4047 248.7886 15.36120497326164
NETSAT-2
1 46507U 20068X   26239.03750668  .00022943  00000-0  42789-3 0  9998
2 46507  97.8619 253.2863 0005545  95.9931 264.1951 15.48805360326692
ARKTIKA-M1
1 47719U 21016A   26206.87236863 -.00000386  00000-0  00000-0 0  9995
2 47719  63.2598  51.9767 7301002 270.1217  14.4714  2.00607275 39564
UNISAT-7
1 47945U 21022P   26238.98716928  .00013253  00000-0  31041-3 0  9993
2 47945  97.3806 144.7083 0008966 164.2041 195.9487 15.42190398300769
CSS (TIANHE-1)
1 48274U 21035A   26239.07847896  .00016332  00000-0  20532-3 0  9997
2 48274  41.4674 251.6650 0001694 252.6449 107.4204 15.59305896304231
FENGYUN-4B
1 48808U 21047A   26239.06290715 -.00000332  00000-0  00000+0 0  9992
2 48808   0.3242  81.1271 0007610 276.1870 105.3328  1.00275134 19281
JILIN-01 GAOFEN 2F
1 49338U 21097A   26239.16786713  .00004022  00000-0  26327-3 0  9998
2 49338  97.6781   5.2442 0018089 349.7377  10.3479 15.08199406267013
TEIKYOSAT-4 (OORURI)
1 49396U 21102B   26239.04443234  .00001503  00000-0  96816-4 0  9996
2 49396  97.3648 265.7718 0013363  54.0821 306.1646 15.09722077263414
Z-SAT
1 49399U 21102E   26239.16811192  .00004429  00000-0  21572-3 0  9990
2 49399  97.3292 272.3421 0016463   5.8287 354.3136 15.18743570264210
KOSEN-1
1 49402U 21102H   26239.09678851  .00006976  00000-0  25969-3 0  9993
2 49402  97.3138 279.8999 0012046 322.5757  37.4642 15.27728889264846
CAMSAT XW-3 (CAS-9)
1 50466U 21131B   26239.20782352  .00000275  00000-0  98487-4 0  9994
2 50466  98.4982 331.2119 0003022 234.3101 125.7807 14.41412066245341
GOES-18
1 51850U 22021A   26239.11989144  .00000095  00000-0  00000+0 0  9998
2 51850   0.0172 256.5865 0000448 304.5532  40.3842  1.00272359  7306
MERIDIAN-10
1 52145U 22030A   26238.25540390  .00000120  00000-0  00000-0 0  9996
2 52145  62.6841 133.1956 6803801 272.8263  17.5437  2.00598851 32437
BRO-6
1 52422U 22047AE  26239.20062135  .00052290  00000-0  74916-3 0  9999
2 52422  97.3378 331.8812 0005755 155.7171 204.4356 15.55999738242170
STEP CUBELAB-II
1 52897U 22065D   26239.17953682  .00000509  00000-0  10772-3 0  9993
2 52897  98.2321  22.9048 0009047 154.3467 205.8186 14.63396053221884
RANDEV
1 52898U 22065E   26239.16174964  .00000615  00000-0  12719-3 0  9992
2 52898  98.2306  23.2706 0008401 154.0526 206.1098 14.63787242221632
SNUGLITE-II
1 52899U 22065F   26239.16027203  .00000932  00000-0  18520-3 0  9994
2 52899  98.2301  23.9088 0008026 152.7254 207.4371 14.64459051221389
MIMAN
1 52900U 22065G   26238.82126388  .00000484  00000-0  10619-3 0  9996
2 52900  98.2361  20.9895 0008082 156.6055 203.5515 14.61909263220765
GREENCUBE (IO-117)
1 53106U 22080B   25167.32760529 -.00000003  00000-0  00000-0 0  9996
2 53106  70.1560  65.9804 0008358  24.6429 335.4629  6.42557409 68669
ROBUSTA 1F (MTCUBE-2)
1 53109U 22080E   26238.22066573 -.00000003  00000-0  00000+0 0  9995
2 53109  70.1264 273.8902 0009234 274.2004  85.7601  6.42583682 96565
BLUEWALKER-3
1 53807U 22111AL  26237.55151133  .00006060  00000-0  16440-3 0  9994
2 53807  53.2281  68.1285 0007041  46.8123 313.3470 15.39038780220887
ELEKTRO-L4
1 55506U 23016A   26238.60933397 -.00000060  00000-0  00000+0 0  9990
2 55506   0.0401 333.7580 0002176 213.2245 173.0128  1.00272815 13048
SHARJAHSAT-1
1 55104U 23001CZ  26239.17532421  .00023155  00000-0  39099-3 0  9997
2 55104  97.3108 309.0280 0005197 191.0420 169.0720 15.51621417203492
METEOR M2-3
1 57166U 23091A   26239.20375788  .00000003  00000-0  19961-4 0  9995
2 57166  98.6026 292.7072 0003344 340.2086  19.8963 14.24051520164623
RESHUCUBE-2 (RS37S)
1 57168U 23091C   26239.12805287  .00009446  00000-0  35218-3 0  9992
2 57168  97.4969 301.8050 0010200 208.7303 151.3376 15.27603969175081
RASSVET 1-1
1 57169U 23091D   26239.13101751  .00008446  00000-0  33926-3 0  9992
2 57169  97.5054 300.8434 0009260 202.6694 157.4136 15.25164354174979
RASSVET 1-2
1 57170U 23091E   26239.13114661  .00008533  00000-0  34278-3 0  9996
2 57170  97.5059 300.9264 0008502 192.6670 167.4356 15.25166419174977
RASSVET 1-3
1 57171U 23091F   26239.13073616  .00008394  00000-0  33717-3 0  9993
2 57171  97.5055 300.8727 0009682 214.4758 145.5852 15.25165984174971
UMKA-1 (RS40S)
1 57172U 23091G   26239.13661348  .00005660  00000-0  25420-3 0  9994
2 57172  97.4994 297.5717 0011286 226.2456 133.7846 15.21509494174799
SATURN (RS43S)
1 57174U 23091J   26239.16423894  .00003898  00000-0  21594-3 0  9990
2 57174  97.4997 291.2453 0011430 261.3427  98.6510 15.14346740174377
CUBEBEL-2 (EU11S)
1 57175U 23091K   26239.14608860  .00013123  00000-0  44393-3 0  9991
2 57175  97.4995 303.0540 0008546 214.6045 145.4641 15.30712725175157
SITRO-AIS-5 (ANOKHIN)
1 57176U 23091L   26239.15238037  .00012059  00000-0  40598-3 0  9998
2 57176  97.5005 303.7774 0010300 202.7499 157.3287 15.30877122175194
ZORKIY-2M
1 57177U 23091M   26239.18238988  .00007137  00000-0  31793-3 0  9995
2 57177  97.5034 297.9384 0011887 222.7192 137.3121 15.21692218174792
CUBESX-HSE-3 (RS42S)
1 57178U 23091N   26239.17113308  .00013021  00000-0  41292-3 0  9997
2 57178  97.5039 305.7143 0009967 191.0351 169.0673 15.32785208175294
PHI-DEMO
1 57181U 23091R   26239.17775253  .00003034  00000-0  16642-3 0  9998
2 57181  97.5008 292.1797 0013325 249.7159 110.2641 15.14858549174435
MONITOR-3 (RS58S)
1 57180U 23091Q   26239.09824220  .00010254  00000-0  36529-3 0  9995
2 57180  97.5028 303.1050 0010690 201.0395 159.0406 15.29075094175125
NORBY-2
1 57179U 23091P   26239.13877720  .00003814  00000-0  19632-3 0  9991
2 57179  97.5035 294.4271 0013289 235.2817 124.7165 15.16960668174545
MONITOR-4 (RS57S)
1 57182U 23091S   26239.13866344  .00010811  00000-0  38384-3 0  9995
2 57182  97.5023 303.1210 0010673 201.1617 158.9183 15.29168340175137
MONITOR-2 (RS39S)
1 57184U 23091U   26239.18430282  .00004879  00000-0  23303-3 0  9992
2 57184  97.5014 297.0114 0009936 218.3967 141.6561 15.19468252174739
SVYATOBOR-1 (RS60S)
1 57187U 23091X   26239.15186787  .00008961  00000-0  33382-3 0  9994
2 57187  97.5035 303.3916 0008773 192.0656 168.0374 15.27660623175143
VIZARD-METEO (RS38S)
1 57189U 23091Z   26239.17263103  .00017605  00000-0  47119-3 0  9994
2 57189  97.5041 310.1658 0007386 164.6882 195.4587 15.38073898175599
SITRO-AIS-6 (CHIRKIN)
1 57192U 23091AC  26239.16983906  .00009667  00000-0  36585-3 0  9991
2 57192  97.5013 302.5239 0010471 208.3634 151.7036 15.27101595175118
SITRO-AIS-8 (SHCHUKIN)
1 57193U 23091AD  26239.16937516  .00014330  00000-0  43931-3 0  9994
2 57193  97.5003 305.6877 0009533 196.3938 163.6998 15.33844810175323
SITRO-AIS-7 (SHEFFER)
1 57194U 23091AE  26239.12268998  .00010074  00000-0  38508-3 0  9997
2 57194  97.5008 302.2622 0010361 209.8055 150.2595 15.26758052175094
AVION KALUGA 650 (RS24S)
1 57195U 23091AF  26239.16206978  .00005368  00000-0  24505-3 0  9994
2 57195  97.5031 298.4588 0009177 214.8417 145.2219 15.20993805174816
SITRO-AIS-10 (KATYS)
1 57199U 23091AK  26239.14517764  .00022108  00000-0  53541-3 0  9997
2 57199  97.5031 311.4921 0006712 164.2961 195.8494 15.41090649175680
SITRO-AIS-9 (BURDAEV)
1 57201U 23091AM  26239.13076249  .00020430  00000-0  50437-3 0  9995
2 57201  97.5028 311.1476 0006908 165.2650 194.8799 15.40523263175662
UTMN-2 (RS27S)
1 57203U 23091AP  26239.15089647  .00013551  00000-0  41906-3 0  9992
2 57203  97.5036 307.4130 0007832 174.3951 185.7380 15.33595727175414
SITRO-AIS-12 (FARTUSHNY)
1 57204U 23091AQ  26239.17264448  .00021335  00000-0  52121-3 0  9999
2 57204  97.5043 311.7033 0006699 158.9889 201.1634 15.40833820175693
AHMAT-1 (RS41S)
1 57206U 23091AS  26238.86962022  .00176399  00000-0  10195-2 0  9994
2 57206  97.4963 323.7815 0003065 176.3094 183.8195 15.78118516176487
SITRO-AIS-11 (SMIRENNY)
1 57208U 23091AU  26239.16515720  .00021729  00000-0  52233-3 0  9995
2 57208  97.5042 311.9902 0006659 158.7402 201.4122 15.41320231175714
KUZGTU-1 (RS47S)
1 57217U 23091AV  26239.16307291  .00011435  00000-0  38034-3 0  9993
2 57217  97.5010 304.4167 0010100 195.6524 164.4406 15.31284318175234
METEOR M2-4
1 59051U 24039A   26239.22866301  .00000010  00000-0  24134-4 0  9997
2 59051  98.7085 197.6553 0006555 333.6306  26.4537 14.22435914129363
PARS-1
1 59065U 24039Q   26239.23396554  .00010665  00000-0  21231-3 0  9992
2 59065  97.4886 222.4928 0007988 203.9873 156.1005 15.47076084139623
SITRO-AIS-25
1 59066U 24039R   26239.18663106  .00004297  00000-0  32971-3 0  9994
2 59066  95.3847 283.8692 0145727  79.8933 281.8696 14.93921821135321
SITRO-AIS-26
1 59067U 24039S   26239.19797897  .00004172  00000-0  32165-3 0  9998
2 59067  95.3849 283.7595 0146206  80.5259 281.2458 14.93705445135319
SITRO-AIS-27
1 59068U 24039T   26239.21493943  .00004729  00000-0  36078-3 0  9992
2 59068  95.3854 284.0763 0145370  78.9368 282.8167 14.94142618135345
SITRO-AIS-28
1 59071U 24039U   26239.19076634  .00004255  00000-0  32495-3 0  9990
2 59071  95.3851 284.1111 0145009  78.8434 282.9055 14.94174297135341
SONATE-2
1 59112U 24043Q   26238.89106571  .00043278  00000-0  45622-3 0  9995
2 59112  97.5593  33.9514 0004823 299.0220  61.0555 15.64130069138924
HORS-1
1 57188U 23091Y   26239.13180235  .00009719  00000-0  36032-3 0  9992
2 57188  97.5012 303.1256 0008267 191.0313 169.0746 15.27798811175146
HORS-2
1 57196U 23091AG  26239.12995870  .00013638  00000-0  42325-3 0  9996
2 57196  97.5037 307.1865 0007742 178.9370 181.1890 15.33481311175399
ZORKIY-2M 6
1 59774U 24092B   26239.16120709  .00009176  00000-0  31960-3 0  9992
2 59774  97.6572  10.3023 0007147 295.6340  64.4160 15.29882911126384
ZORKIY-2M 4
1 59775U 24092C   26239.17377172  .00009609  00000-0  32708-3 0  9994
2 59775  97.6718  12.3822 0007229 297.9244  62.1263 15.30615802126435
SITRO-AIS-53
1 59776U 24092D   26238.80708425  .00019245  00000-0  49446-3 0  9997
2 59776  97.6657  14.9689 0005455 253.1188 106.9459 15.39329977126604
SITRO-AIS-54
1 59777U 24092E   26238.82544103  .00019418  00000-0  50024-3 0  9997
2 59777  97.6655  14.9348 0005572 253.1771 106.8863 15.39244687126605
SITRO-AIS-56
1 59778U 24092F   26239.15447139  .00021608  00000-0  54063-3 0  9997
2 59778  97.6651  15.6885 0005783 251.2263 108.8355 15.40114290126689
RASSVET 1-4
1 59779U 24092G   26239.15235876  .00000117  00000-0  60291-4 0  9994
2 59779  98.6775 358.1432 0011915   5.4852 354.6459 14.31866591119054
RASSVET 1-5
1 59780U 24092H   26239.22203466  .00000130  00000-0  65282-4 0  9994
2 59780  98.6774 358.2049 0012236   6.5845 353.5497 14.31870142119069
RASSVET 1-6
1 59781U 24092J   26239.22056067  .00000123  00000-0  62801-4 0  9994
2 59781  98.6779 358.2091 0012123   6.8523 353.2823 14.31870442119066
SITRO-AIS-55
1 59809U 24092K   26238.37248601  .00017263  00000-0  44944-3 0  9997
2 59809  97.6648  14.2348 0005653 254.7930 105.2689 15.38945122126026
MESAT-1
1 60209U 24125G   26239.16057227  .00096250  00000-0  72602-3 0  9995
2 60209  97.2168  98.6680 0005437 314.3234  45.7584 15.72175827120683
ISTSAT-1
1 60238U 24128D   26239.21178919  .00005829  00000-0  34368-3 0  9997
2 60238  61.9893 314.8498 0027999 145.1872 215.1062 15.12392643117202
IONOSFERA-M 01
1 61735U 24199A   26239.15235843  .00000045  00000-0  39635-4 0  9999
2 61735  98.7057 111.5401 0000614  19.5311 340.5890 14.22765584137794
IONOSFERA-M 02
1 61736U 24199B   26239.11617098  .00000052  00000-0  42812-4 0  9991
2 61736  98.7056 111.4144 0001916  98.2974 261.8421 14.22768839140911
SITRO-AIS-16
1 61737U 24199C   26239.17475765  .00002611  00000-0  22617-3 0  9994
2 61737  97.3217  74.0821 0006481 167.7793 192.3589 14.97899904142448
SITRO-AIS-15
1 61738U 24199D   26239.15822038  .00003366  00000-0  29017-3 0  9991
2 61738  97.3204  74.1067 0006605 167.9703 192.1680 14.97907397142445
SITRO-AIS-21
1 61739U 24199E   26239.14209779  .00002417  00000-0  22328-3 0  9996
2 61739  97.3231  72.2757 0012435 176.8413 183.2889 14.95400893142355
SITRO-AIS-22
1 61740U 24199F   26239.13463367  .00002368  00000-0  21458-3 0  9990
2 61740  97.3218  72.5776 0012479 176.6317 183.4992 14.96183253142520
SITRO-AIS-24
1 61741U 24199G   26239.17495551  .00002099  00000-0  18953-3 0  9992
2 61741  97.3233  72.6859 0012155 175.7466 184.3862 14.96437037142503
SITRO-AIS-23
1 61742U 24199H   26239.18763983  .00001937  00000-0  17622-3 0  9993
2 61742  97.3223  72.6595 0012140 177.1641 182.9652 14.96212797142386
SITRO-AIS-13
1 61743U 24199J   26239.13401936  .00002476  00000-0  21319-3 0  9993
2 61743  97.3192  74.2724 0006098 176.9867 183.1394 14.98180518142615
CSTP-2.11
1 61744U 24199K   26239.14108204  .00037946  00000-0  54593-3 0  9997
2 61744  97.2828 115.5774 0007514  35.3473 324.8278 15.55939625145387
POLYTECH UNIVERSE-5 (RS70S)
1 61745U 24199L   26239.14601030  .00093976  00000-0  77118-3 0  9996
2 61745  97.2811 119.3460 0004586  42.4264 317.7352 15.70166487148783
COLIBRI-S (RS67S)
1 61746U 24199M   26239.18023907  .00026650  00000-0  46663-3 0  9998
2 61746  97.2863 113.7820 0008815  35.9532 324.2311 15.50540557148402
POLYTECH UNIVERSE-4 (RS71S)
1 61747U 24199N   26239.14853692  .00020293  00000-0  38994-3 0  9992
2 61747  97.2877 112.7799 0009257  33.3783 326.8050 15.47929985148335
SITRO-AIS-44
1 61748U 24199P   26238.87909845  .00177821  00000-0  78288-3 0  9994
2 61748  97.2702 121.4502 0003255  85.0639 275.1002 15.84065049148918
VIZARD-ION (RS68S)
1 61749U 24199Q   26239.13086696  .00044516  00000-0  54742-3 0  9998
2 61749  97.2854 117.0153 0006048  33.7867 326.3775 15.60122005148619
MTUSI-1
1 61750U 24199R   26239.12419109  .00042415  00000-0  51719-3 0  9995
2 61750  97.2829 116.4541 0006535  42.1318 318.0440 15.60350445148598
VLADIVOSTOK-1
1 61751U 24199S   26239.16594769  .00009452  00000-0  25518-3 0  9998
2 61751  97.2885 108.1134 0010915  57.9499 302.2805 15.37918125148047
SITRO-AIS-14
1 61752U 24199T   26239.13518119  .00002405  00000-0  20838-3 0  9992
2 61752  97.3195  74.1321 0006203 176.3176 183.8094 14.97963461145741
HORS-3 (RS81S)
1 61753U 24199U   26239.15056450  .00045671  00000-0  56419-3 0  9996
2 61753  97.2851 116.6167 0006426  41.3791 318.7952 15.59993408148604
HORS-4 (RS82S)
1 61754U 24199V   26239.17025462  .00075187  00000-0  70391-3 0  9998
2 61754  97.2783 118.4042 0004898  41.3518 318.8113 15.66991799148732
SITRO-AIS-43
1 61755U 24199W   26238.90732925  .00196377  00000-0  80018-3 0  9990
2 61755  97.2723 121.7718 0003050  91.9074 268.2546 15.85649305148935
SITRO-AIS-42
1 61756U 24199X   26238.90529506  .00184678  00000-0  88418-3 0  9993
2 61756  97.2728 121.6134 0005557  91.1767 269.0138 15.82239030148929
SITRO-AIS-20
1 61758U 24199Z   26239.17011959  .00003217  00000-0  27513-3 0  9991
2 61758  97.3212  74.3548 0005942 166.7239 193.4142 14.98257048145763
SITRO-AIS-19
1 61759U 24199AA  26239.17475748  .00002638  00000-0  22653-3 0  9998
2 61759  97.3214  74.3528 0005682 168.9861 191.1488 14.98232437145763
SITRO-AIS-41
1 61760U 24199AB  26238.82630831  .00161731  00000-0  77475-3 0  9999
2 61760  97.2745 121.2075 0003060  84.6903 275.4715 15.82299431148887
NORBY-3
1 61761U 24199AC  26239.15772565  .00053463  00000-0  59260-3 0  9992
2 61761  97.2780 117.4926 0005057  37.1654 322.9954 15.62795335148675
SIT-HSE
1 61763U 24199AE  26239.15123520  .00043732  00000-0  59152-3 0  9993
2 61763  97.2845 116.7761 0005271  45.8049 314.3639 15.57596448148617
SIT-2086
1 61764U 24199AF  26239.15038816  .00044959  00000-0  59644-3 0  9995
2 61764  97.2807 116.8464 0006091  24.6930 335.4617 15.58105787145465
HOD-HOD
1 61768U 24199AK  26239.17714056  .00026439  00000-0  42994-3 0  9991
2 61768  97.2850 114.9228 0006407  49.3399 310.8410 15.52642247145344
KOSAR
1 61769U 24199AL  26239.12604647  .00037930  00000-0  49742-3 0  9997
2 61769  97.2811 116.5834 0005014  46.8201 313.3474 15.58455461145456
SITRO-AIS-48
1 61771U 24199AN  26239.17106507  .00071119  00000-0  72115-3 0  9994
2 61771  97.2785 117.0684 0007035  46.1573 314.0267 15.64987488145508
SITRO-AIS-47
1 61773U 24199AQ  26239.16786770  .00076796  00000-0  74212-3 0  9997
2 61773  97.2769 117.3534 0006250  46.0181 314.1594 15.66185652145522
SITRO-AIS-46
1 61774U 24199AR  26239.12878793  .00089532  00000-0  77758-3 0  9991
2 61774  97.2734 117.9270 0006138  50.5916 309.5889 15.68789228145569
CSTP-2.2
1 61775U 24199AS  26239.18285604  .00017961  00000-0  36322-3 0  9990
2 61775  97.2868 111.8357 0014682  27.9429 332.2606 15.46398708145135
SITRO-AIS-40
1 61776U 24199AT  26239.15248611  .00094801  00000-0  80474-3 0  9990
2 61776  97.2743 118.0666 0005915  51.4614 308.7177 15.69332418148727
CSTP-2.1
1 61777U 24199AU  26239.14886148  .00019412  00000-0  37140-3 0  9990
2 61777  97.2867 112.1798 0014242  25.8050 334.3908 15.47997842145153
SITRO-AIS-39
1 61778U 24199AV  26239.16686639  .00071372  00000-0  72709-3 0  9999
2 61778  97.2755 116.8562 0006437  45.2773 314.9010 15.64873864145496
ALTAIR (RS65S)
1 61779U 24199AW  26239.17669558  .00010696  00000-0  28524-3 0  9990
2 61779  97.2920 108.0805 0013867  55.8209 304.4349 15.38227046148027
SITRO-AIS-37
1 61780U 24199AX  26239.17256191  .00078549  00000-0  74730-3 0  9998
2 61780  97.2783 117.4293 0006700  45.2352 314.9453 15.66566665145529
ASRTU-1 (RS64S/BJ2CR)
1 61781U 24199AY  26239.16794562  .00008160  00000-0  22977-3 0  9995
2 61781  97.2890 107.2050 0015095  58.1504 302.1208 15.36602428144820
SAMSAT-IONOSPHERE (RS75S)
1 61784U 24199BB  26239.15747773  .00070804  00000-0  73681-3 0  9991
2 61784  97.2808 117.0050 0007590  36.5030 323.6745 15.64325941148636
RTU MIREA-1 (RS51S)
1 61785U 24199BC  26239.17244058  .00097656  00000-0  80522-3 0  9998
2 61785  97.2787 118.3208 0006502  38.3875 321.7849 15.70025210145578
SITRO-AIS-38
1 61786U 24199BD  26239.16722691  .00034611  00000-0  55781-3 0  9993
2 61786  97.2810 114.2677 0009098  44.6259 315.5725 15.52815960145315
2024-199BE (? SWSU-60)
1 61787U 24199BE  26239.14818475  .00009516  00000-0  25928-3 0  9994
2 61787  97.2897 107.5874 0014515  56.2933 303.9693 15.37585162147995
SITRO-AIS-45
1 61788U 24199BF  26239.16845451  .00074469  00000-0  74579-3 0  9996
2 61788  97.2753 116.9745 0006427  45.9294 314.2494 15.65294959145484
SITRO-AIS-17
1 61789U 24199BG  26239.16133404  .00003459  00000-0  29546-3 0  9990
2 61789  97.3204  74.4000 0006061 172.8375 187.2936 14.98255828142666
SITRO-AIS-18
1 61790U 24199BH  26239.17669400  .00002375  00000-0  20446-3 0  9999
2 61790  97.3215  74.3557 0005591 171.5991 188.5327 14.98218887142665
INNOCUBE (TUBSAT-31)
1 62616U 25009H   26238.20640211  .00006440  00000-0  24290-3 0  9998
2 62616  97.3873 317.4918 0007375  87.7264 272.4819 15.27367198 89503
OTP-2
1 63235U 25052AB  26238.65959852  .00006316  00000-0  25732-3 0  9991
2 63235  97.3767 130.0430 0004206 278.7375  81.3387 15.24817203 80609
PADRE
1 64559U 25135AH  26238.26805294  .00001743  00000-0  17453-3 0  9990
2 64559  97.7773 351.0570 0002868  59.6849 300.4654 14.92681817 64309
IONOSFERA-M 03
1 64876U 25155A   26239.19739626  .00000041  00000-0  38178-4 0  9990
2 64876  98.6095 199.3370 0002064  46.5953 313.5396 14.21496809 56494
IONOSFERA-M 04
1 64877U 25155B   26239.16172635  .00000046  00000-0  40854-4 0  9998
2 64877  98.6100 199.2190 0001475  55.9379 304.1939 14.21499389 56486
INNOSAT16 (RS92S7)
1 64878U 25155C   26239.15756987  .00005567  00000-0  21828-3 0  9998
2 64878  97.4637 206.1234 0008570 301.8670  58.1734 15.26141991 91494
GEOSCAN-6 (RS92S6)
1 64879U 25155D   26239.17129856  .00010480  00000-0  34794-3 0  9996
2 64879  97.4624 208.0908 0005422 291.8375  68.2289 15.31397944 91622
GEOSCAN 1 (RS92S1)
1 64880U 25155E   26239.14342740  .00011881  00000-0  38552-3 0  9996
2 64880  97.4620 208.2782 0005283 292.1803  67.8878 15.32103398 91636
239ALFEROV (RS61S)
1 64881U 25155F   26239.19709962  .00015674  00000-0  46729-3 0  9994
2 64881  97.4615 209.1551 0004680 291.0631  69.0111 15.34742105 91699
CSTP-4.3
1 64882U 25155G   26239.18431637  .00009458  00000-0  32203-3 0  9990
2 64882  97.4649 208.0246 0005075 294.3160  65.7550 15.30614857 91618
CSTP-4.2
1 64883U 25155H   26239.18426867  .00009241  00000-0  31466-3 0  9990
2 64883  97.4640 207.9920 0005002 286.3020  73.7670 15.30618869 91612
CSTP-4.4
1 64884U 25155J   26239.18404054  .00009485  00000-0  32290-3 0  9991
2 64884  97.4636 207.9802 0005449 279.1290  80.9334 15.30614871 91617
ASTROLINE-N3
1 64886U 25155L   26239.15872595  .00040013  00000-0  81834-3 0  9999
2 64886  97.4512 211.7574 0002674 250.9729 109.1230 15.46023610 91882
ASTROLINE-N2
1 64888U 25155N   26239.20593348  .00038513  00000-0  78445-3 0  9999
2 64888  97.4519 211.8857 0002562 246.1812 113.9168 15.46151722 91892
GEOSCAN 2 (RS92S2)
1 64890U 25155Q   26239.19050632  .00011591  00000-0  37332-3 0  9991
2 64890  97.4619 208.5051 0004531 272.7552  87.3171 15.32352224 91656
GEOSCAN-5 (RS92S5)
1 64891U 25155R   26239.17211067  .00014864  00000-0  43927-3 0  9994
2 64891  97.4608 209.2931 0003671 301.2416  58.8467 15.35033832 91702
GEOSCAN-4 (RS92S4)
1 64892U 25155S   26239.14836134  .00015547  00000-0  45656-3 0  9990
2 64892  97.4612 209.3408 0003514 301.7863  58.3038 15.35223473 91706
GEOSCAN-3 (RS92S3)
1 64893U 25155T   26239.17718896  .00018935  00000-0  51349-3 0  9998
2 64893  97.4598 210.0276 0003262 301.3149  58.7776 15.37670801 91756
INNOSAT3 (RS92S0)
1 64894U 25155U   26239.16927020  .00048077  00000-0  88593-3 0  9990
2 64894  97.4531 212.6596 0000652 318.7012  41.4190 15.49006063 91933
CSTP-4.1
1 64895U 25155V   26239.11878649  .00009228  00000-0  31404-3 0  9992
2 64895  97.4645 207.9368 0005224 293.1724  66.8966 15.30635633 91595
POLYTECH UNIVERSE-3 (RS46S)
1 57191U 23091AB  26239.13572802  .00004602  00000-0  21838-3 0  9995
2 57191  97.4989 296.4677 0013802 238.7103 121.2781 15.19684515174728
CSTP-1.1
1 57202U 23091AN  26239.13575692  .00004612  00000-0  21921-3 0  9992
2 57202  97.5058 297.5519 0008363 213.3447 146.7262 15.19681434174736
CSTP-1.2
1 57186U 23091W   26239.16244416  .00008726  00000-0  30271-3 0  9991
2 57186  97.5097 306.1510 0017314 197.0692 162.9968 15.29901644175300
MULE-4T
1 67286U 25313AQ  26238.16460728  .00007548  00000-0  30302-3 0  9993
2 67286  97.3897 312.1830 0011096 106.8223 253.4233 15.25197772 36637
SCORPION (RS89S)
1 67293U 25313AX  26238.97278528  .00003525  00000-0  15139-3 0  9997
2 67293  97.3897 312.6332 0012585  98.8349 261.4313 15.23271326 36735
GALAPAGOS-UTE-SWSU
1 67279U 25313AH  26238.56264264  .00007028  00000-0  29527-3 0  9996
2 67279  97.3884 312.0861 0015422 114.4435 245.8413 15.23637834 36669
SAKHACUBE-CHOLBON (RS18S)
1 67290U 25313AU  26238.15105108  .00008734  00000-0  34170-3 0  9990
2 67290  97.3893 312.3483 0010674 107.6613 252.5792 15.26016097 36649
LUCA-1 (RS90S)
1 67287U 25313AR  26238.19201267  .00007390  00000-0  29335-3 0  9997
2 67287  97.3891 312.2962 0011010 107.9730 252.2710 15.25583367 36647
QMR-KWT-2 (RS95S)
1 67291U 25313AV  26238.19402947  .00011312  00000-0  41674-3 0  9999
2 67291  97.3891 312.7391 0010223 105.8494 254.3873 15.27941043 36679
LOBACHEVSKY (RS83S)
1 67284U 25313AN  26238.65284401  .00004981  00000-0  21140-3 0  9995
2 67284  97.3881 312.2462 0012143 109.9086 250.3461 15.23480608 36680
NASBSAT-1
1 67289U 25313AT  26238.68299634  .00012566  00000-0  46810-3 0  9996
2 67289  97.3894 313.1606 0010472 105.4125 254.8272 15.27546360 36745
NASBSAT-2
1 67285U 25313AP  26238.15615659  .00005951  00000-0  24473-3 0  9994
2 67285  97.3879 311.9778 0011718 111.9813 248.2671 15.24470433 36621
HORS-5
1 67283U 25313AM  26238.19784197  .00007149  00000-0  29131-3 0  9997
2 67283  97.3897 312.1346 0011686 109.8228 250.4270 15.24709768 36630
AIST-2T 2
1 67253U 25313F   26238.19421796 -.00003870  00000-0 -45525-4 0  9992
2 67253  97.0759 315.6977 0001747 291.8565  68.2507 15.60716051 37544
AIST-2T 1
1 67254U 25313G   26238.67567578  .00024384  00000-0  29495-3 0  9993
2 67254  97.0790 316.1016 0004400 273.2952  86.7802 15.60678227 37605
AIST-ST (RS86S)
1 67267U 25313V   26238.17399210  .00008982  00000-0  35784-3 0  9992
2 67267  97.3897 312.0347 0014779 121.0671 239.2020 15.25352288 36625
KOWSAR 1.5
1 67264U 25313S   26238.62880261  .00006122  00000-0  26220-3 0  9999
2 67264  97.3983 312.2965 0016161 119.8923 240.3921 15.23027555 36669
PAYA
1 67255U 25313H   26238.41733322  .00002143  00000-0  13785-3 0  9992
2 67255  97.2803 302.6100 0069957  92.8209 268.1029 15.07376721 36235
GRIFON-1
1 67281U 25313AK  26238.96903061  .00004703  00000-0  20180-3 0  9991
2 67281  97.3837 312.3135 0013422 109.8356 250.4329 15.23119194 36724
GRIFON-2
1 67272U 25313AA  26238.68951491  .00012795  00000-0  51289-3 0  9994
2 67272  97.3889 312.5644 0015437 115.5223 244.7613 15.25042271 36706
GRIFON-3
1 67280U 25313AJ  26238.45852440  .00004614  00000-0  19857-3 0  9998
2 67280  97.3955 312.1375 0014583 112.3642 247.9142 15.23016901 36641
GRIFON-4
1 67261U 25313P   26238.17567084  .00015643  00000-0  56463-3 0  9991
2 67261  97.3926 312.7407 0014482 111.7920 248.4862 15.28486963 36661
MARAFON
1 67250U 25313C   26238.17820427  .00008203  00000-0  69574-3 0  9993
2 67250  97.6128 306.2891 0149242 104.4538 257.3293 14.89868006 35774
MORSAT (RS96S)
1 67262U 25313Q   26238.17011530  .00009092  00000-0  35818-3 0  9994
2 67262  97.3897 312.0322 0014767 117.9030 242.3706 15.25724647 36621
MARAFON-EXPERIMENTAL
1 67251U 25313D   26238.19962807  .00003285  00000-0  28136-3 0  9999
2 67251  97.5640 305.5459 0149495  94.4437 267.3877 14.89911501 35825
CORAL
1 67685U 98067YB  26238.44376481  .00061788  00000-0  50854-3 0  9995
2 67685  51.6249 297.4189 0007998  80.8892 279.3010 15.69754668 31293
KNACKSAT-2
1 67683U 98067XZ  26238.54515479  .00050038  00000-0  47013-3 0  9995
2 67683  51.6263 298.8705 0007447  87.9451 272.2397 15.66604784 31283
RASSVET-3 1
1 68360U 26061A   26239.12078973  .00008005  00000-0  38980-3 0  9991
2 68360  82.2908 299.7273 0003021 100.1709 259.9865 15.18222687 24335
RASSVET-3 2
1 68361U 26061B   26238.61076251  .00000767  00000-0  35971-4 0  9997
2 68361  82.2917 298.8760 0002387 201.0896 159.0239 15.18224338 24340
RASSVET-3 3
1 68362U 26061C   26239.17365661  .00007947  00000-0  38690-3 0  9993
2 68362  82.2957 301.8093 0002633  37.1918 322.9497 15.18230177 24217
RASSVET-3 5
1 68364U 26061E   26239.18018191  .00008259  00000-0  40215-3 0  9992
2 68364  82.2972 302.6406 0002747  95.2914 264.8632 15.18231995 24168
RASSVET-3 6
1 68365U 26061F   26239.17589677  .00007975  00000-0  38828-3 0  9995
2 68365  82.2952 302.2852 0001713  49.0149 311.1232 15.18232870 24184
RASSVET-3 7
1 68366U 26061G   26239.17802181  .00008044  00000-0  39153-3 0  9994
2 68366  82.2947 301.6367 0000138 350.2224   9.9006 15.18246770 24224
RASSVET-3 8
1 68367U 26061H   26238.60657384  .00010228  00000-0  49854-3 0  9991
2 68367  82.2919 299.6791 0001838 180.9695 179.1536 15.18213635 24298
RASSVET-3 9
1 68368U 26061J   26239.18456488  .00008406  00000-0  40927-3 0  9995
2 68368  82.2927 299.8559 0004702  86.2288 273.9482 15.18229594 24330
RASSVET-3 10
1 68369U 26061K   26238.87873907  .00006679  00000-0  29241-3 0  9996
2 68369  82.2845 294.3491 0003660 290.9792  69.1051 15.21864294 24659
RASSVET-3 11
1 68370U 26061L   26239.13887295  .00023634  00000-0  22060-3 0  9995
2 68370  82.2897 294.0013 0005688 241.0050 119.0640 15.67134089 24696
RASSVET-3 12
1 68371U 26061M   26239.18226157  .00008304  00000-0  40432-3 0  9995
2 68371  82.2953 302.2874 0002954 116.4260 243.7277 15.18231715 24183
RASSVET-3 13
1 68372U 26061N   26239.13165676  .00002177  00000-0  10483-3 0  9994
2 68372  82.2952 301.9427 0002948 131.2429 228.9059 15.18261049 24207
RASSVET-3 14
1 68373U 26061P   26239.17239933  .00030977  00000-0  25182-3 0  9998
2 68373  82.2911 293.7417 0009818 205.4910 154.5869 15.70459842 24719
RASSVET-3 15
1 68374U 26061Q   26239.13587895  .00007198  00000-0  35008-3 0  9995
2 68374  82.2950 298.8604 0003089 135.4950 224.6531 15.18255382 24391
RASSVET-3 16
1 68375U 26061R   26239.12299567  .00007527  00000-0  36649-3 0  9999
2 68375  82.2929 299.9355 0003005 106.0739 254.0825 15.18222092 24328
HADES-SA (SPINNYONE)
1 68446U 26067AG  26239.11315089  .00018446  00000-0  82695-3 0  9995
2 68446  97.4451 196.4820 0006565 166.0548 194.0870 15.21255678 22704

